1111|Ratul|1231231231|2004|34556555333|grhgdjnxdhyj|2440.00
2222|Shimul|1234123412|2002|355666666|hfjjhfgxmjg|634564.00
2731|Abir|01051176290|1990|64800140735|ratul93@hotmail.com|82065.32
6480|Asif|01901920912|1979|32251476979|rahim68@yahoo.com|365009.58
3622|Basu|01979551540|1974|36615756225|tamim55@yahoo.com|695950.74
6592|fahim|01157039726|1992|82270137713|fahim75@outlook.com|117114.01
4943|fahim|01068090329|1994|97078060418|fahim39@gmail.com|742626.94
7204|nazmul|01250715894|1977|41964064573|nazmul25@hotmail.com|166772.29
7590|nisho|01337666279|1991|26639712462|nisho31@outlook.com|817973.36
4536|karim|01363131842|1985|90451437039|karim30@yahoo.com|135435.51
8275|sadia|01193570776|1997|59679128122|sadia29@outlook.com|606055.81
6021|fahim|01349931818|2001|70160943311|fahim92@outlook.com|581737.08
4429|nazmul|01708074052|1988|80294090526|nazmul31@gmail.com|768029.37
2631|nazmul|01294169221|1976|62873154536|nazmul61@outlook.com|552413.93
1329|rakib|01756616587|1973|40347952465|rakib72@outlook.com|483835.76
5974|nazmul|01405829727|1977|25778747798|nazmul38@yahoo.com|463793.47
3355|tanvir|01727409070|1999|48048680836|tanvir36@hotmail.com|533950.15
4235|sabbir|01063897760|1974|28480635798|sabbir76@hotmail.com|908863.95
8266|nayeem|01875262510|1996|11795744669|nayeem87@gmail.com|487281.16
4042|shimul|01279568825|1973|10332206933|shimul25@gmail.com|224067.55
3575|rakib|01575490408|1975|87368806366|rakib81@gmail.com|235454.86
8962|fahim|01260341425|1998|35982356173|fahim71@hotmail.com|566194.43
9135|nazmul|01014668538|2004|57245068507|nazmul81@gmail.com|875401.85
7255|tanvir|01050965762|1993|18702023939|tanvir91@gmail.com|337433.34
2924|sadia|01462027898|2002|76714609428|sadia85@yahoo.com|822911.10
7072|karim|01863289938|1998|36293702357|karim51@outlook.com|948930.77
4894|tanvir|01194488283|1987|83454999147|tanvir66@outlook.com|467974.87
3621|nisho|01989380169|1988|47182858585|nisho86@hotmail.com|452812.38
4966|nisho|01793030759|2000|76960519444|nisho14@hotmail.com|423733.00
2503|sabbir|01484417858|1976|96651174280|sabbir97@outlook.com|603038.41
3698|tamim|01322841068|1980|68217150351|tamim47@gmail.com|75409.52
2207|rakib|01526935886|1982|32062302712|rakib41@hotmail.com|271422.14
7287|tamim|01220991707|1976|21399734365|tamim91@yahoo.com|666311.18
8932|tanvir|01470360186|2004|54585473711|tanvir35@hotmail.com|533166.60
6437|rahim|01592407436|1981|48652347488|rahim67@hotmail.com|655075.20
5399|nayeem|01516752529|1978|90610945631|nayeem29@outlook.com|572456.31
5456|karim|01314472210|2005|74969869300|karim93@hotmail.com|422200.28
6509|tanvir|01047139872|1979|25624978421|tanvir26@yahoo.com|523936.92
3558|sadia|01573288922|1983|19320550124|sadia30@yahoo.com|694332.10
9285|tamim|01827441051|1972|70720027916|tamim78@gmail.com|770610.34
8058|rahim|01964217033|1995|89380834953|rahim38@hotmail.com|67143.40
4005|sabbir|01817586510|1984|17638006879|sabbir53@gmail.com|181289.48
5245|nisho|01776331462|1994|17031573627|nisho57@hotmail.com|266480.98
7331|anik|01745359675|1999|42435306627|anik12@outlook.com|885631.26
5962|nayeem|01533939260|1982|15693853836|nayeem57@hotmail.com|789514.77
3310|anik|01201218858|2002|40533369798|anik94@yahoo.com|686011.09
4350|sabbir|01143863317|1997|50214561349|sabbir19@yahoo.com|6127.73
8654|anik|01880612584|1988|93194071790|anik58@outlook.com|566586.12
9398|karim|01225856717|1973|83387009292|karim66@hotmail.com|967101.59
2770|karim|01691440403|1982|10070620318|karim17@hotmail.com|752873.20
9065|fahim|01501560183|1971|83159735367|fahim96@gmail.com|817253.69
8064|tamim|01126923759|1987|29937847194|tamim83@yahoo.com|875681.28
9867|rakib|01379874509|1981|62965492992|rakib67@gmail.com|391338.92
4843|karim|01797231038|1990|11159494058|karim83@gmail.com|843687.99
4900|sadia|01259160982|1987|91468907924|sadia90@hotmail.com|736393.13
6549|karim|01574696228|1975|48468846915|karim99@yahoo.com|763187.10
5939|nisho|01412527694|1982|45562738555|nisho56@gmail.com|289149.97
2467|tania|01737358707|2005|42333434866|tania27@yahoo.com|214918.54
6819|tania|01080954312|1970|91677009389|tania77@outlook.com|379968.23
2921|sabbir|01365078861|1991|32176996243|sabbir91@hotmail.com|195905.77
4214|rakib|01579480804|1993|36001382063|rakib30@gmail.com|921072.46
6698|rahim|01810781147|1978|40396762219|rahim93@yahoo.com|899062.15
5114|ratul|01302433813|2003|13939575865|ratul99@yahoo.com|383035.52
3503|fahim|01455740256|2007|25831487478|fahim95@gmail.com|669465.38
9925|tanvir|01860427268|1988|89128898092|tanvir68@yahoo.com|31242.21
3281|tanvir|01796009180|1983|22882048802|tanvir27@outlook.com|116530.59
1916|ratul|01945822129|1987|67289826394|ratul24@hotmail.com|329812.41
5521|nisho|01897088448|1971|63528239881|nisho92@gmail.com|678049.93
5213|ratul|01439537816|2006|70307796536|ratul55@outlook.com|44419.96
7595|sabbir|01951999033|1983|69977684376|sabbir37@outlook.com|523494.93
8529|rahim|01010878771|1973|64732080137|rahim17@gmail.com|492125.47
1622|nisho|01119556835|2006|90944684651|nisho56@outlook.com|514316.82
1705|anik|01653001026|1987|55259526025|anik70@outlook.com|587461.80
4605|nayeem|01340676947|1993|67940828401|nayeem46@outlook.com|439438.72
4632|ratul|01252408874|1994|74556423424|ratul90@yahoo.com|138167.74
5086|nazmul|01185261852|1999|74946440720|nazmul85@yahoo.com|582334.93
7139|sadia|01708531541|1989|92256438083|sadia61@hotmail.com|884605.93
7512|nisho|01529228225|2005|99975478666|nisho32@hotmail.com|4967.91
8561|nisho|01074335962|2002|40785223829|nisho55@yahoo.com|276826.99
1287|tania|01694412165|2006|68242943762|tania55@outlook.com|33997.81
9714|tanvir|01915655752|1996|64710489061|tanvir71@gmail.com|81386.17
9981|ratul|01072317140|2004|75816292573|ratul49@outlook.com|877450.03
5882|rahim|01075666244|1985|75366244702|rahim72@outlook.com|240430.27
4778|tania|01086817276|1985|82706501557|tania56@hotmail.com|983321.85
8984|tania|01632995755|1999|39799745681|tania85@hotmail.com|729801.21
5253|nisho|01479365834|1984|60349555673|nisho82@gmail.com|871215.99
2527|tamim|01761878495|1987|23252755600|tamim56@hotmail.com|726947.90
5556|sabbir|01338667330|1977|22138090103|sabbir48@yahoo.com|252387.50
8536|rahim|01434470013|1996|99047939799|rahim72@outlook.com|328733.16
1934|shimul|01644589946|2004|31940847950|shimul67@yahoo.com|170723.50
1241|shimul|01996030169|1978|40193992230|shimul94@outlook.com|741477.93
8127|anik|01505239229|1991|30312349794|anik98@yahoo.com|533233.14
8651|sadia|01618763562|1992|90439142559|sadia55@gmail.com|71557.40
2049|sabbir|01658113188|2002|64988991994|sabbir16@hotmail.com|626771.03
7921|nisho|01012863243|1985|91449160081|nisho96@outlook.com|499567.12
5466|tamim|01466038847|2005|52738354476|tamim37@yahoo.com|65354.14
6514|rakib|01056278749|1979|52926268488|rakib68@hotmail.com|142315.28
6630|karim|01513584265|1992|12723393936|karim30@yahoo.com|220425.73
7066|tania|01298805549|1996|31554659866|tania12@hotmail.com|177382.60
5348|rahim|01778124360|2005|59543834271|rahim12@yahoo.com|318063.84
4595|sadia|01606982181|1973|23580329231|sadia14@yahoo.com|183555.92
8381|nazmul|01767753945|1995|31456964223|nazmul64@hotmail.com|668025.16
5719|nisho|01522190102|1993|26254702992|nisho47@yahoo.com|944599.28
9494|shimul|01411226460|1983|81085312611|shimul67@outlook.com|649842.33
3038|tanvir|01298681115|1993|15061986465|tanvir73@yahoo.com|327115.11
6313|nazmul|01241670102|1984|72513403404|nazmul28@yahoo.com|131629.15
3127|anik|01864610427|1983|24602093345|anik85@hotmail.com|749743.36
6726|nisho|01397530871|1993|47047578991|nisho65@outlook.com|943171.54
2626|tania|01783794973|1986|71345690605|tania35@hotmail.com|528611.53
3480|tanvir|01058464233|1986|65787815762|tanvir16@yahoo.com|888349.98
2153|nayeem|01077103313|2000|60333549858|nayeem76@outlook.com|613698.02
4026|rakib|01500933136|1994|78814911568|rakib86@hotmail.com|930190.12
9186|tania|01870166538|1975|70223010773|tania15@hotmail.com|716351.53
1469|tania|01438269357|1996|78496646226|tania49@outlook.com|892332.51
1205|nisho|01616217654|1975|79878524739|nisho37@yahoo.com|213118.31
4039|tania|01172351251|1995|83783520406|tania79@outlook.com|956710.83
4266|shimul|01049345854|1978|93368957230|shimul96@outlook.com|981129.01
6532|rahim|01245043722|1997|74885732892|rahim87@gmail.com|206544.29
7503|tamim|01258819388|1979|47817694339|tamim78@hotmail.com|259485.41
7302|fahim|01886553337|1982|44029041690|fahim52@gmail.com|741590.50
6622|sadia|01191518676|1987|95228717748|sadia22@yahoo.com|257223.33
9240|rakib|01372329462|1990|85730566175|rakib20@gmail.com|548925.57
3651|tanvir|01904333206|2003|66323172619|tanvir95@outlook.com|720169.04
4507|rahim|01622594035|1991|57645604833|rahim32@outlook.com|477247.81
7564|shimul|01320075116|1970|52624266817|shimul57@hotmail.com|373886.24
2170|karim|01322597932|2000|65927649518|karim52@outlook.com|119188.83
1001|ratul|01094953995|1996|66799997334|ratul76@gmail.com|834163.11
9539|nazmul|01987866496|1993|11384164859|nazmul29@gmail.com|231205.38
8763|tania|01533048056|1991|78285597115|tania88@outlook.com|287842.85
6031|karim|01157464042|2004|80745151399|karim99@outlook.com|529152.65
6959|anik|01017612847|1990|46912376547|anik42@yahoo.com|148349.05
5221|sabbir|01347189406|2006|56189838173|sabbir69@hotmail.com|21408.11
8614|nisho|01780923368|1976|12822798763|nisho55@outlook.com|184994.70
7792|rahim|01490237417|1981|38768009533|rahim12@outlook.com|798459.14
2159|nayeem|01643876236|1994|68333003670|nayeem13@outlook.com|310857.69
9932|tanvir|01149083410|1993|46283473485|tanvir42@hotmail.com|564369.31
1431|fahim|01066672213|1972|50313965087|fahim18@hotmail.com|305733.47
4747|rahim|01303583637|1979|33006027096|rahim64@gmail.com|157469.75
4591|rahim|01176295972|1979|11328251518|rahim81@outlook.com|474254.68
6490|rakib|01298742517|1997|96048516095|rakib65@yahoo.com|917755.54
2434|ratul|01623891857|2000|10584113977|ratul84@hotmail.com|214610.60
1093|tania|01331341752|1984|34284734744|tania57@gmail.com|257198.47
6298|tania|01502726111|2006|35754667798|tania73@gmail.com|689639.32
8169|tanvir|01046774838|2007|26570055309|tanvir80@outlook.com|189492.76
7306|shimul|01653540080|2005|31634122130|shimul55@yahoo.com|949944.95
7513|karim|01095117248|2003|49034724718|karim76@hotmail.com|249828.43
9546|ratul|01575328551|1981|26394515569|ratul33@yahoo.com|886297.52
2696|anik|01903763768|1970|39383714506|anik24@outlook.com|461422.39
4242|nisho|01701488299|1985|25050200465|nisho90@yahoo.com|251658.18
1059|nayeem|01574225321|2005|36237013127|nayeem69@yahoo.com|464074.03
1478|tanvir|01219197271|1980|40966113501|tanvir71@outlook.com|558458.39
6708|nazmul|01720322602|1983|91106519555|nazmul67@gmail.com|130748.14
2487|tanvir|01478269201|1993|47145858297|tanvir82@outlook.com|493475.74
4614|ratul|01981289201|1987|89797108839|ratul23@gmail.com|19156.09
8309|tanvir|01595092164|1992|33684945876|tanvir52@gmail.com|337037.30
7136|ratul|01169522033|1990|72831094997|ratul44@yahoo.com|159020.66
7277|shimul|01833352364|1978|54927502886|shimul53@outlook.com|21192.71
3241|sabbir|01533476301|1982|70947245232|sabbir54@outlook.com|593762.02
8492|tanvir|01992882835|1992|32139708263|tanvir90@gmail.com|314469.33
2195|tanvir|01531105751|2004|41583865705|tanvir71@hotmail.com|120007.96
9920|ratul|01926098143|2003|17725624556|ratul90@gmail.com|603467.96
7897|sadia|01219796026|1993|66057874953|sadia35@gmail.com|159342.60
3613|rakib|01880572962|1974|86578422543|rakib69@gmail.com|623744.27
6972|anik|01425880413|1982|21237527545|anik11@outlook.com|421181.06
5042|anik|01865261656|1976|81758956147|anik26@hotmail.com|623392.55
4508|nazmul|01305447541|1979|92466967619|nazmul51@gmail.com|88114.58
8919|rahim|01209012307|1999|62037827977|rahim76@outlook.com|934839.87
4265|nayeem|01669503934|1976|69156697876|nayeem41@hotmail.com|818254.72
1779|nisho|01260399559|2007|96333098200|nisho46@outlook.com|635929.62
6305|sadia|01001261749|1980|15898064807|sadia36@outlook.com|445431.32
1606|tania|01184510968|2000|59865712544|tania23@gmail.com|722690.04
1431|karim|01731902967|1981|84752027107|karim53@gmail.com|596150.89
5335|tanvir|01071847955|1977|59837610600|tanvir79@gmail.com|95493.00
9070|nazmul|01448046477|2005|28976055834|nazmul61@hotmail.com|34427.68
9845|nazmul|01358943276|1984|79464488141|nazmul87@yahoo.com|975320.40
4965|tanvir|01879094868|1978|28282489709|tanvir80@outlook.com|210654.76
7339|nazmul|01593086695|2000|44692838436|nazmul24@yahoo.com|961972.23
1004|nisho|01913524446|1981|57192819023|nisho42@hotmail.com|256175.06
6765|sabbir|01674466925|2000|52232041814|sabbir34@hotmail.com|861155.93
6376|nisho|01661118945|1989|34491146731|nisho22@gmail.com|147914.13
7064|fahim|01243154714|1997|83830699791|fahim55@yahoo.com|860222.22
3765|karim|01343329106|1972|92475761132|karim25@outlook.com|73014.17
1016|rahim|01294130714|2002|37653287398|rahim14@hotmail.com|774590.73
8937|ratul|01863856738|2004|45934569719|ratul65@hotmail.com|748549.62
6764|ratul|01761285643|1999|89725963386|ratul48@outlook.com|240991.49
7238|ratul|01545387146|1990|91700295810|ratul79@yahoo.com|580521.53
3227|sabbir|01198142343|2005|89310603586|sabbir46@outlook.com|980903.89
1727|rakib|01589856371|1996|84582484566|rakib92@hotmail.com|424750.65
5249|tania|01507675973|1998|10248382464|tania76@yahoo.com|843969.58
6941|nazmul|01666056718|1990|82579948604|nazmul26@outlook.com|153241.66
1730|nayeem|01786601795|1999|91943590551|nayeem73@gmail.com|252704.76
8710|rahim|01295293774|2002|21581319483|rahim33@hotmail.com|333459.18
8317|karim|01002533763|1981|49727014410|karim71@hotmail.com|750008.32
4407|rahim|01232921043|1993|25536461104|rahim61@hotmail.com|793396.21
2577|nazmul|01806375747|1976|47671911453|nazmul35@outlook.com|678050.73
5042|sabbir|01088187399|1970|22697112788|sabbir35@outlook.com|815912.14
3543|shimul|01177240236|1984|85059293176|shimul40@yahoo.com|704066.12
5388|anik|01939356224|2001|22622869648|anik12@gmail.com|996362.63
5917|rahim|01390895369|1988|95364712323|rahim62@outlook.com|757682.45
9857|anik|01804337814|1999|53465029147|anik20@outlook.com|671223.01
3862|fahim|01742297184|1983|69935926685|fahim54@yahoo.com|872701.32
3419|tanvir|01480723744|1988|66729642653|tanvir33@hotmail.com|82066.37
3107|tanvir|01568435663|2006|39368843473|tanvir71@outlook.com|843641.93
3819|rakib|01269653450|1983|37289315506|rakib98@hotmail.com|443796.77
2913|nazmul|01206111554|1985|79364426619|nazmul14@gmail.com|76802.92
2195|tamim|01064186938|1985|27968865029|tamim42@hotmail.com|106846.09
9372|sadia|01720052949|1976|68512444263|sadia26@yahoo.com|628857.77
8510|rahim|01700989209|1987|96657958933|rahim65@gmail.com|414111.09
3916|karim|01975302738|2001|77008750581|karim22@hotmail.com|236260.02
3840|rakib|01503963690|1997|52781366152|rakib25@yahoo.com|330902.36
8033|rakib|01173107159|1989|50186771879|rakib98@gmail.com|345356.08
8832|nayeem|01057266357|1977|66339982030|nayeem43@outlook.com|625031.73
8824|shimul|01831673819|2007|32891796222|shimul36@gmail.com|577981.31
3909|tanvir|01694360084|1999|36029938339|tanvir60@outlook.com|568668.21
8100|shimul|01989883897|1986|91373175010|shimul58@yahoo.com|998472.09
3740|nayeem|01329538166|1980|73346071871|nayeem54@outlook.com|723967.60
5493|anik|01487196176|2002|42464764751|anik12@outlook.com|339559.44
8708|tamim|01043218543|1975|41965406596|tamim20@yahoo.com|572813.78
8892|ratul|01368961414|2007|18949270937|ratul96@outlook.com|611263.12
8960|sadia|01696117551|1986|41224059557|sadia59@gmail.com|765578.53
5736|shimul|01141908833|1981|51709792437|shimul34@hotmail.com|805743.91
8892|tanvir|01805266953|2006|84989961948|tanvir52@hotmail.com|443393.09
7136|rakib|01763904215|1988|86765718320|rakib45@yahoo.com|759451.90
8732|nayeem|01348283985|1994|28810612187|nayeem27@outlook.com|985234.64
9351|tamim|01716138754|2007|94600307211|tamim95@yahoo.com|165276.97
8141|tamim|01488357434|1999|29749750393|tamim34@hotmail.com|728517.00
2062|nazmul|01299016842|1993|65006075429|nazmul86@outlook.com|89731.47
3575|sadia|01653068980|1974|96849592730|sadia12@yahoo.com|522905.43
4120|tamim|01764755651|1979|40253230385|tamim29@hotmail.com|585912.03
4921|karim|01651995780|1978|14341405958|karim74@hotmail.com|944182.03
7496|rahim|01259449450|2003|19381277037|rahim60@yahoo.com|449443.64
2861|tanvir|01398410225|1989|67926441306|tanvir77@outlook.com|547014.82
6181|tanvir|01824587495|1972|13119251234|tanvir82@hotmail.com|380848.46
7701|karim|01916802966|1983|28799880249|karim71@hotmail.com|835054.30
6621|shimul|01737107938|1983|65955309197|shimul76@outlook.com|691818.82
8384|anik|01740035146|2003|68191305771|anik61@outlook.com|11329.49
6314|tania|01172325069|1987|77562228897|tania10@outlook.com|679297.84
7219|tanvir|01968738689|1985|17456317086|tanvir88@hotmail.com|508267.58
3222|nayeem|01122930338|1979|37570987256|nayeem53@gmail.com|223629.09
3319|tania|01319670260|1970|69415970720|tania17@gmail.com|56013.34
1572|tanvir|01923697463|2002|45159545153|tanvir31@gmail.com|200100.60
5031|tanvir|01681285294|1987|66666864957|tanvir67@hotmail.com|128248.20
8119|fahim|01511590229|1983|68770997433|fahim38@yahoo.com|543784.05
6724|ratul|01943278041|1992|57340203582|ratul52@outlook.com|77345.13
1431|nayeem|01607513232|1977|98277838275|nayeem49@outlook.com|755018.68
4565|tania|01076863903|1992|35919314325|tania32@gmail.com|618542.83
9426|nazmul|01860640227|1981|27787461671|nazmul10@hotmail.com|960116.48
1100|nayeem|01748975345|1993|47907260842|nayeem71@hotmail.com|296899.76
3510|sabbir|01266037884|1971|76230351528|sabbir84@hotmail.com|903091.55
3225|rakib|01588782413|1977|60353048553|rakib40@yahoo.com|393823.81
4634|fahim|01957276017|1993|76126062694|fahim11@hotmail.com|54585.40
6592|tamim|01339285707|1978|72630442094|tamim85@hotmail.com|395149.04
9310|tania|01098646784|1983|13854309351|tania84@hotmail.com|852969.87
6970|sadia|01238540521|2001|23507095293|sadia74@gmail.com|29140.96
4853|tamim|01858254743|1974|29857703136|tamim21@gmail.com|857402.94
9673|fahim|01418129395|1984|60860191079|fahim77@hotmail.com|938558.05
8749|nisho|01329807386|1991|58927377405|nisho53@gmail.com|77527.04
1967|ratul|01897598867|1992|75355169357|ratul77@gmail.com|736152.63
5500|ratul|01351016865|2000|37550626272|ratul47@outlook.com|36880.81
2609|sadia|01787491851|1972|31852234463|sadia77@outlook.com|335113.26
5224|sadia|01686824817|2006|49192347026|sadia70@gmail.com|321232.82
2089|tamim|01928189646|1970|67734941365|tamim53@outlook.com|83284.39
1194|sadia|01571050047|1988|26603495710|sadia88@gmail.com|66286.27
2015|nayeem|01228828331|2005|96361003030|nayeem46@hotmail.com|352716.45
3281|ratul|01035934142|2003|28491879635|ratul67@yahoo.com|855865.35
1507|sadia|01875633208|1999|37154444195|sadia75@hotmail.com|346207.99
5973|tanvir|01397141030|1994|14317086890|tanvir92@outlook.com|389823.21
4531|karim|01850446763|1990|69636084263|karim88@outlook.com|56277.23
6205|anik|01924658044|1992|55341346408|anik55@yahoo.com|239330.83
2903|sadia|01890979991|1982|96613273660|sadia21@yahoo.com|727897.52
6855|tamim|01103437702|1978|51248655006|tamim87@outlook.com|9343.23
6186|karim|01655788905|1987|32254885765|karim34@hotmail.com|292020.82
9377|tamim|01724607511|1995|30103936006|tamim55@outlook.com|731177.26
4402|ratul|01077362362|1991|97339758633|ratul97@hotmail.com|302265.37
1297|rahim|01553146576|1994|21952063490|rahim72@outlook.com|231905.49
7578|nayeem|01925728468|1970|19510756298|nayeem63@yahoo.com|136420.01
7316|rakib|01998386088|1971|73026900246|rakib19@hotmail.com|696657.08
2235|fahim|01813591522|1999|98131406173|fahim16@hotmail.com|667759.74
5365|fahim|01193616078|1973|28946586173|fahim97@gmail.com|23849.87
6345|tamim|01726963162|1983|45463506521|tamim32@gmail.com|844591.00
2774|fahim|01293194068|1997|63698040032|fahim77@hotmail.com|713742.53
8637|tanvir|01204020929|1972|92734120908|tanvir22@hotmail.com|789882.02
6005|shimul|01103645299|1979|25514374415|shimul80@hotmail.com|609378.15
6176|ratul|01179477240|2006|56383743904|ratul72@yahoo.com|865076.02
8415|tamim|01785583151|1982|53961607403|tamim76@outlook.com|222429.18
5494|tanvir|01700545774|1991|77361198247|tanvir64@yahoo.com|486048.21
6478|anik|01546846932|1975|22694159997|anik80@gmail.com|98345.78
7161|anik|01343560357|1990|24020264375|anik89@yahoo.com|655299.83
3991|anik|01578452474|2007|48341597879|anik83@outlook.com|878801.21
3628|karim|01735423332|1990|80434521109|karim93@outlook.com|457528.94
1700|tamim|01589870503|2003|91032462504|tamim66@gmail.com|914225.57
8150|sabbir|01983691719|1984|90744868975|sabbir20@hotmail.com|71481.80
5550|karim|01659024753|1983|85015093908|karim26@yahoo.com|377528.72
6645|anik|01911129935|1985|35866711811|anik53@gmail.com|166413.69
4690|rahim|01020263364|1981|38675905308|rahim65@gmail.com|538696.80
1601|nayeem|01589001644|1992|27285314634|nayeem70@yahoo.com|992061.06
6946|nayeem|01897255016|1981|81780993126|nayeem83@outlook.com|307533.66
7674|nisho|01511539335|1990|33468742975|nisho57@yahoo.com|757102.42
8302|tamim|01018387809|1978|24485077862|tamim83@outlook.com|170863.01
8516|sadia|01871033516|1978|30050843220|sadia30@yahoo.com|329461.66
6327|anik|01535405315|1974|91053920168|anik45@yahoo.com|663576.44
6422|rakib|01403741612|2002|73343970229|rakib44@outlook.com|952591.35
4494|ratul|01716453806|2000|46082914245|ratul49@hotmail.com|740511.20
8652|shimul|01469178463|2006|15855038018|shimul24@hotmail.com|806929.32
9331|nisho|01414461825|1992|20976316162|nisho69@yahoo.com|133976.78
2672|karim|01486139287|1992|58169542359|karim47@outlook.com|463006.83
6872|anik|01828615771|1990|71626421507|anik79@hotmail.com|668320.37
8012|tamim|01901871360|1998|73838219657|tamim99@yahoo.com|687415.04
5096|anik|01997082313|2004|26707309719|anik92@gmail.com|793059.64
9580|tamim|01373070995|1977|34183795443|tamim70@yahoo.com|187448.97
3327|fahim|01891481469|1999|95467211062|fahim91@yahoo.com|926641.47
2029|sabbir|01025951693|1994|22810160577|sabbir65@gmail.com|387505.28
4803|tanvir|01031042358|1979|75857055054|tanvir75@yahoo.com|853932.18
1510|sabbir|01061832695|1981|55991943581|sabbir23@outlook.com|613161.83
8199|sadia|01643390902|1984|12680665430|sadia49@hotmail.com|880738.48
6359|rakib|01928195001|1973|56205513999|rakib50@yahoo.com|477009.72
7618|tania|01128111721|1978|30743069338|tania53@hotmail.com|662681.70
8042|rahim|01843523327|2001|15247715523|rahim92@outlook.com|121460.01
6679|sabbir|01350309053|1977|96178623358|sabbir86@yahoo.com|770656.90
7882|ratul|01815453011|1992|23020009541|ratul51@outlook.com|894134.72
5504|rahim|01061571070|1994|97389643840|rahim25@yahoo.com|463264.04
5603|nisho|01319355544|1974|31852251103|nisho45@hotmail.com|768370.30
2118|nisho|01587276539|1980|56018423890|nisho29@gmail.com|95355.80
8275|nayeem|01117350447|1983|84269358091|nayeem40@yahoo.com|69539.69
3865|shimul|01934663005|1972|12528927872|shimul27@outlook.com|452388.42
4076|nayeem|01016872023|1987|68643821506|nayeem85@gmail.com|775671.02
4052|shimul|01098447385|2007|20131251111|shimul67@yahoo.com|770831.71
7321|sabbir|01037065874|2006|77853875664|sabbir35@hotmail.com|152632.80
7589|tanvir|01513819288|1980|32184758527|tanvir68@hotmail.com|659898.84
7286|fahim|01962082868|1976|21983965635|fahim31@gmail.com|28728.02
6542|rakib|01276007897|2000|50640769673|rakib23@outlook.com|828269.61
6866|tamim|01048366756|2002|93652489144|tamim85@gmail.com|11704.77
2642|ratul|01480535246|1989|67567728157|ratul12@outlook.com|540753.54
5289|rakib|01490404819|1978|54358895600|rakib57@gmail.com|966823.59
4373|tania|01529013078|1990|47735429397|tania73@outlook.com|784797.54
3166|nisho|01889307583|2003|62333062084|nisho42@yahoo.com|210749.10
3095|rakib|01020466872|1977|44948019363|rakib72@yahoo.com|647433.23
3481|fahim|01999224415|1990|34954522659|fahim81@yahoo.com|401375.79
3213|sabbir|01341934138|1977|97823914539|sabbir13@outlook.com|29259.26
9176|anik|01131739952|1971|27557115295|anik78@yahoo.com|107063.57
3531|tanvir|01664004788|1984|69033163559|tanvir25@yahoo.com|194735.73
8601|fahim|01937250806|1973|66913350384|fahim84@hotmail.com|814462.40
1339|fahim|01139133058|1994|44663592119|fahim32@hotmail.com|792821.73
8602|rahim|01180079096|1994|49453111355|rahim64@outlook.com|685353.94
8085|nayeem|01065076326|1990|38570018098|nayeem46@hotmail.com|171279.20
2312|shimul|01026539132|1997|85349533549|shimul64@yahoo.com|831541.24
4526|shimul|01975328051|1976|74931548018|shimul10@hotmail.com|579561.87
1690|anik|01328986954|1994|64860681955|anik36@outlook.com|363838.75
4403|nayeem|01718783558|1997|41796235393|nayeem93@outlook.com|539727.69
5189|karim|01842356988|1989|62663663078|karim55@hotmail.com|360880.96
8059|fahim|01563332171|1990|37315168225|fahim55@hotmail.com|299984.00
9530|fahim|01126674254|1993|70425044576|fahim14@outlook.com|334805.73
7873|ratul|01748270995|1992|49830580664|ratul94@outlook.com|402907.74
4777|tamim|01310287629|1996|77378185054|tamim73@hotmail.com|884308.42
4756|rahim|01850980427|1972|79363841665|rahim13@gmail.com|498892.47
5348|tamim|01449891916|1999|92661425245|tamim13@yahoo.com|169968.48
9247|nayeem|01239230633|1998|28921887728|nayeem24@outlook.com|953610.72
7057|nazmul|01458416986|1986|54480358970|nazmul81@outlook.com|33919.71
9283|nayeem|01314362727|1975|42576318884|nayeem59@gmail.com|914605.54
4880|ratul|01039530549|1978|37841669995|ratul58@hotmail.com|733407.61
9013|tamim|01724484374|1986|84028511873|tamim27@outlook.com|839008.71
2791|nayeem|01508860144|1979|28629625059|nayeem33@gmail.com|657740.16
1183|anik|01283473705|2004|72690084224|anik47@outlook.com|647925.41
2354|sabbir|01191840623|1998|15030500745|sabbir13@yahoo.com|469075.90
9046|shimul|01127113933|1999|43863345898|shimul73@outlook.com|350454.13
7575|rakib|01604845720|2005|36873234554|rakib14@hotmail.com|62335.77
7804|tanvir|01873741522|1978|19813212678|tanvir75@hotmail.com|948613.33
8327|rahim|01951817228|1970|72366246314|rahim81@outlook.com|453367.12
6908|rakib|01521621493|1981|49694393682|rakib20@gmail.com|327851.89
8317|nazmul|01326604404|1978|62959240809|nazmul23@gmail.com|458852.36
4907|tamim|01521003730|1987|75439893170|tamim55@yahoo.com|438918.53
4700|nayeem|01016805758|1976|78432621946|nayeem19@hotmail.com|975023.05
4739|karim|01752112430|1988|47787615993|karim38@yahoo.com|600303.70
8188|nisho|01024889899|2003|59710310575|nisho77@gmail.com|4394.70
3581|ratul|01578285170|1992|60052273465|ratul75@yahoo.com|989476.28
5956|nisho|01556994008|1991|38612129693|nisho13@yahoo.com|218630.21
9764|anik|01616120482|1995|21384652662|anik76@outlook.com|798200.46
4146|nazmul|01814378488|1998|25012685488|nazmul10@gmail.com|643807.68
3024|tanvir|01330591916|1993|88730166454|tanvir38@hotmail.com|975881.57
7835|rahim|01035986181|2004|65372710965|rahim99@outlook.com|269949.30
8194|nisho|01854679208|2003|44851218970|nisho87@gmail.com|107246.66
8592|nazmul|01675269779|1986|48648827886|nazmul84@yahoo.com|772065.35
6454|rakib|01008108408|1995|81131363376|rakib95@hotmail.com|199960.81
8950|nisho|01268946138|1988|65112387798|nisho35@hotmail.com|72075.95
4286|ratul|01489268455|2006|18994600670|ratul47@hotmail.com|649817.80
9495|tamim|01604944211|2005|53329535848|tamim27@gmail.com|920558.94
7782|sadia|01714915856|1990|85096105620|sadia88@gmail.com|689366.41
9401|fahim|01945346393|1987|61800667700|fahim71@gmail.com|142403.50
7706|ratul|01426069744|1987|23856344487|ratul47@gmail.com|641309.16
2533|karim|01410334045|2005|37520657039|karim77@gmail.com|483835.47
1018|tamim|01082906708|1988|35899585771|tamim72@gmail.com|177394.97
4806|tania|01735074487|1983|68447394390|tania31@outlook.com|227525.75
2215|rakib|01607941883|1995|84782315830|rakib94@gmail.com|46942.44
7139|karim|01404388728|2000|36882409775|karim35@yahoo.com|219400.89
4922|sadia|01446626869|1973|62378710768|sadia95@yahoo.com|56548.93
5114|shimul|01238761626|1996|89365862361|shimul45@yahoo.com|497452.54
7701|nazmul|01113847660|2001|21192899072|nazmul42@yahoo.com|535178.55
1287|ratul|01996773575|2003|85789263660|ratul53@gmail.com|137946.27
3325|tamim|01207128796|1981|93241505845|tamim68@yahoo.com|418935.85
8178|nisho|01486770394|1980|71912930644|nisho28@gmail.com|475466.46
5464|ratul|01227268864|2007|57045977811|ratul54@gmail.com|770147.81
7127|nayeem|01387186927|1970|91998398307|nayeem84@hotmail.com|678009.44
2686|rahim|01242379407|1988|29285908730|rahim56@gmail.com|519572.80
1180|tamim|01483928198|1972|18221246200|tamim18@gmail.com|188717.88
5604|sabbir|01468705305|1970|44822808897|sabbir86@outlook.com|418141.10
9621|sabbir|01931614479|2001|22499472148|sabbir72@hotmail.com|902682.43
8375|nisho|01993896984|1970|34028327487|nisho10@yahoo.com|573992.53
6906|sabbir|01464320442|1979|72560944101|sabbir34@outlook.com|92173.66
3136|nazmul|01399787980|1982|55625825569|nazmul65@gmail.com|13668.53
5553|nayeem|01814976130|1973|98934541809|nayeem13@outlook.com|414463.86
2003|sabbir|01795061848|2004|39003665446|sabbir10@yahoo.com|837873.32
1178|shimul|01198911569|1974|29121603130|shimul63@hotmail.com|750077.19
8020|sabbir|01619592906|1998|37299424029|sabbir27@gmail.com|424206.82
5470|tanvir|01050127243|1997|10008640296|tanvir71@yahoo.com|449706.52
2809|ratul|01967268021|1978|58930880606|ratul52@yahoo.com|448431.55
2871|nisho|01276460261|1994|25727673665|nisho90@yahoo.com|200520.71
2846|nayeem|01759016188|2003|79719891941|nayeem91@outlook.com|970735.30
7760|shimul|01493926517|1982|32036227216|shimul25@outlook.com|649698.41
8801|nisho|01838796650|1986|69642673332|nisho69@yahoo.com|74671.73
2295|sadia|01501059309|2007|45279115204|sadia39@yahoo.com|618810.10
9946|nayeem|01727215297|1990|68347395642|nayeem28@gmail.com|122694.83
6233|rahim|01084915690|1994|79597753749|rahim70@gmail.com|237613.16
8748|ratul|01475742305|1989|69748838543|ratul35@yahoo.com|513913.98
2068|rahim|01322144429|1995|95805403751|rahim91@outlook.com|771842.60
6398|nazmul|01824380021|1995|18506505829|nazmul20@gmail.com|380162.00
8006|nayeem|01656950280|1977|84463154534|nayeem91@gmail.com|824520.50
3236|nisho|01977777882|1989|91421453061|nisho12@gmail.com|262365.62
1642|tania|01885299592|1971|93418563073|tania99@outlook.com|437285.27
7287|shimul|01547996937|1983|22020018636|shimul62@hotmail.com|442410.26
6961|nayeem|01392321007|1975|32929822801|nayeem23@hotmail.com|533967.82
7381|anik|01542364763|1972|19888929963|anik10@gmail.com|331607.35
5570|nayeem|01484779259|1990|79378088416|nayeem87@yahoo.com|167475.74
9621|karim|01109119928|1992|12620058575|karim72@outlook.com|928554.84
5825|sadia|01335778987|1990|59991668984|sadia91@outlook.com|601180.68
5283|ratul|01184436144|1973|70726361529|ratul66@outlook.com|891258.21
5678|shimul|01836400049|1986|77117596213|shimul71@yahoo.com|994809.68
3217|tania|01567623847|1988|46912342040|tania90@gmail.com|400902.45
8383|nayeem|01344679241|2002|89590407122|nayeem94@outlook.com|611866.07
1428|tanvir|01692998227|1973|20240990073|tanvir13@yahoo.com|535977.29
3443|rahim|01188719630|1978|68434768383|rahim57@yahoo.com|556719.88
3715|sabbir|01620956685|1977|29361290145|sabbir66@yahoo.com|727432.22
4585|nayeem|01340866487|2006|89728656807|nayeem61@yahoo.com|893290.08
3875|tanvir|01066336718|2000|61824181469|tanvir58@hotmail.com|511184.34
2433|karim|01338273479|1978|11350420307|karim38@hotmail.com|504406.68
6565|nisho|01977150372|1980|56516319509|nisho13@yahoo.com|805700.34
3964|ratul|01389238446|2004|20030129461|ratul52@gmail.com|103700.20
4291|tania|01165913255|1973|44039976756|tania60@gmail.com|116462.03
5500|sabbir|01040675302|1992|42404032968|sabbir15@outlook.com|539129.84
2397|fahim|01020245967|1972|20002814723|fahim45@hotmail.com|423840.97
7463|karim|01130492953|2007|68702298451|karim86@gmail.com|625417.03
1443|nayeem|01616303574|1997|36747346135|nayeem27@gmail.com|209340.28
8576|rahim|01512721511|1998|18878277289|rahim79@outlook.com|120907.61
2189|anik|01225406440|1978|88365009220|anik86@outlook.com|640990.99
1289|sabbir|01802791015|2002|24138780325|sabbir62@hotmail.com|687563.97
9760|tamim|01988484879|1988|16762568331|tamim29@hotmail.com|818266.71
3933|tania|01854997775|2001|53441164032|tania65@yahoo.com|112711.38
2355|shimul|01298207510|1975|25537335819|shimul10@gmail.com|546383.30
2902|nazmul|01582276116|1983|48711717463|nazmul74@hotmail.com|229234.51
1106|tamim|01008000329|1973|43960583559|tamim76@hotmail.com|553432.59
4725|nisho|01945246445|1993|20772421578|nisho33@outlook.com|902942.87
7688|tanvir|01576926014|1970|77837204623|tanvir50@gmail.com|828303.38
8417|nazmul|01344779767|1989|74963659386|nazmul77@gmail.com|941695.61
7183|anik|01437691665|2001|87843947325|anik85@hotmail.com|819971.94
4906|sabbir|01180500838|1975|73606898300|sabbir72@outlook.com|236080.81
9419|ratul|01567509557|1998|56366883632|ratul20@outlook.com|982406.04
5654|nisho|01794996358|1993|64343643588|nisho34@outlook.com|618495.19
6785|rahim|01368133181|2005|69896085309|rahim33@yahoo.com|870223.71
1316|sadia|01054803773|2001|88490914995|sadia96@outlook.com|213782.60
6216|nayeem|01759437481|1995|80929414733|nayeem18@outlook.com|226454.97
7324|nazmul|01259777138|1979|65544062213|nazmul50@outlook.com|744968.85
1673|shimul|01059747609|1994|77857774632|shimul90@outlook.com|757147.59
7446|nisho|01120853385|1981|58181540061|nisho35@outlook.com|309743.14
6915|nayeem|01240828478|1991|59158823414|nayeem76@hotmail.com|759196.18
7911|fahim|01279943635|1999|39121218200|fahim19@outlook.com|478203.12
4700|fahim|01854766113|1976|21281912540|fahim86@outlook.com|745495.98
4993|rakib|01422600100|1997|90163187038|rakib62@gmail.com|125292.87
8694|fahim|01530304518|1992|28682298061|fahim10@hotmail.com|449740.10
5037|rahim|01215763227|1972|24281413848|rahim99@gmail.com|977168.40
8631|tamim|01122986618|1974|78586964867|tamim16@hotmail.com|930108.20
8053|rakib|01045302818|2005|57903559798|rakib10@outlook.com|807121.97
2170|karim|01232826283|1991|71655030316|karim54@outlook.com|261214.13
7026|nazmul|01544800392|1986|35459551763|nazmul77@outlook.com|371410.76
5043|sabbir|01106876653|1972|42572279683|sabbir49@gmail.com|846680.16
3876|nayeem|01498494962|1993|27246490039|nayeem54@hotmail.com|377722.85
8449|nisho|01889866025|2007|49930860481|nisho33@yahoo.com|284935.01
7409|rahim|01960953034|1984|89982714726|rahim17@outlook.com|336576.51
7616|nayeem|01244045656|2006|40783130982|nayeem81@yahoo.com|557915.50
7481|tamim|01294250629|1995|94232807125|tamim83@gmail.com|527879.73
6892|anik|01632592676|1988|21704992742|anik55@hotmail.com|600388.04
9564|nayeem|01916883353|1997|67410103554|nayeem60@outlook.com|888278.36
3699|sabbir|01971884473|1998|54134582676|sabbir10@yahoo.com|278995.33
1421|sadia|01549690963|1988|13622057627|sadia12@outlook.com|737578.93
3844|karim|01444961955|1997|65031844654|karim24@hotmail.com|119632.14
4673|nazmul|01886542115|1981|10766444071|nazmul43@gmail.com|50645.79
8524|tanvir|01753820954|1998|12970956803|tanvir41@gmail.com|401045.03
5510|rahim|01651629441|1984|61230328562|rahim97@hotmail.com|906133.09
4612|nazmul|01636099097|1981|44837073135|nazmul56@hotmail.com|344970.58
4199|fahim|01876471023|2006|65422123109|fahim87@hotmail.com|904538.66
6873|karim|01456023032|1995|42816345016|karim30@hotmail.com|852220.26
9082|rakib|01135243432|1988|68939601997|rakib86@yahoo.com|569504.06
6356|anik|01044625200|1983|96903821741|anik34@outlook.com|794972.27
6726|nisho|01072601070|1994|97436973621|nisho46@hotmail.com|520191.29
5837|nazmul|01261379825|2003|82296579461|nazmul36@yahoo.com|702730.29
6462|rakib|01520573151|1970|50110113763|rakib34@yahoo.com|512612.13
6997|tamim|01671348446|2000|95630805860|tamim24@gmail.com|713067.24
9454|nazmul|01660809783|1980|87896467324|nazmul41@outlook.com|246957.50
4251|tania|01516400140|1997|52961808641|tania39@gmail.com|423303.32
6146|rahim|01505475237|1990|40602111410|rahim82@yahoo.com|20323.92
7217|tanvir|01102087295|1996|34680235145|tanvir99@gmail.com|914831.35
4795|nayeem|01337814783|1977|10497760336|nayeem35@gmail.com|289284.88
9813|karim|01771965779|1980|32195845877|karim70@outlook.com|663243.45
8743|tania|01298521077|1971|38764233517|tania64@outlook.com|856691.20
5535|ratul|01944399012|1992|25254512797|ratul23@hotmail.com|961327.18
4869|karim|01475635838|1970|90881616033|karim70@yahoo.com|399330.46
7305|nisho|01523343727|1999|23098854659|nisho72@yahoo.com|578478.32
2588|nayeem|01754570695|1974|88968409415|nayeem76@outlook.com|292490.01
1761|nazmul|01190140800|1977|38340631548|nazmul50@yahoo.com|469556.59
9231|fahim|01905359096|1971|76972237770|fahim61@hotmail.com|915343.09
7785|ratul|01630252017|2005|98083244248|ratul53@gmail.com|244292.41
1292|ratul|01861709617|1971|39642032070|ratul81@hotmail.com|712388.53
3977|karim|01093515892|1986|65672389649|karim21@yahoo.com|904806.64
9539|nayeem|01659253104|1989|67754171929|nayeem85@outlook.com|238635.86
3765|karim|01721364058|1987|34055179319|karim83@yahoo.com|197444.24
6725|nayeem|01319331128|1972|20084230083|nayeem44@outlook.com|852395.03
1057|sadia|01481249394|1975|30650531309|sadia70@gmail.com|152638.85
2324|tania|01699554721|1988|53252456397|tania56@gmail.com|886787.94
7868|ratul|01655489987|1981|42336235517|ratul93@gmail.com|939888.79
2770|nayeem|01312442276|1996|21379609973|nayeem20@outlook.com|820786.33
8726|karim|01930270500|1971|73184897133|karim68@gmail.com|53672.97
8643|anik|01872339536|1985|97440072097|anik61@gmail.com|825617.82
1057|ratul|01210140992|2002|50569315940|ratul31@gmail.com|125305.38
2565|sabbir|01486164539|2002|64814687200|sabbir38@yahoo.com|697206.95
5559|ratul|01662328695|2005|80352775055|ratul95@hotmail.com|79884.10
4936|sabbir|01537685021|1987|23596167530|sabbir63@hotmail.com|958415.14
6526|rahim|01373447198|2000|76103921129|rahim26@hotmail.com|200853.05
9497|rahim|01617871411|2006|27047756243|rahim50@yahoo.com|749314.81
7058|sabbir|01923125733|2005|28386074206|sabbir97@hotmail.com|986431.59
4486|sadia|01197255879|1985|18339672198|sadia16@outlook.com|837706.00
8680|rahim|01680797190|2004|33685179309|rahim99@yahoo.com|623770.92
7498|karim|01303276479|1999|79830161040|karim41@hotmail.com|575870.58
3951|nisho|01488987166|1991|55576527925|nisho83@yahoo.com|305847.36
7845|tania|01443857856|2004|20325790460|tania37@yahoo.com|814694.73
9162|karim|01072833200|1999|36682883085|karim42@yahoo.com|699745.51
8803|nisho|01462067586|1991|95150202922|nisho19@hotmail.com|501661.94
2409|fahim|01422568311|2002|74992096566|fahim37@hotmail.com|156007.73
4593|shimul|01050433243|1986|61192392090|shimul56@hotmail.com|990426.64
3624|nisho|01193346155|1991|70141493111|nisho13@outlook.com|16525.68
5495|tanvir|01133781722|1970|57908874436|tanvir75@outlook.com|352518.20
5968|sadia|01705073679|2003|70599404867|sadia32@hotmail.com|219872.90
8643|anik|01483887365|1997|66753239116|anik39@gmail.com|263769.19
6004|nayeem|01658028923|1990|12919978813|nayeem48@gmail.com|230395.88
1187|tanvir|01632369058|1976|13157923314|tanvir77@outlook.com|217537.51
4799|tanvir|01791987926|2006|68455934930|tanvir96@outlook.com|407333.93
1683|rakib|01666805286|1989|81984876628|rakib44@outlook.com|862400.27
2652|nayeem|01352531192|2004|23677537074|nayeem33@hotmail.com|322036.63
4481|rahim|01721377503|1983|92613228352|rahim39@outlook.com|484694.13
8568|fahim|01116872946|2006|84022863902|fahim83@gmail.com|807999.11
4709|tamim|01375231012|1998|92927860191|tamim42@yahoo.com|202561.45
1855|rahim|01033947010|1982|83715348540|rahim92@yahoo.com|761937.54
8283|rahim|01981794477|1971|54539607383|rahim98@gmail.com|931430.32
5813|shimul|01727287679|1979|73430451735|shimul36@hotmail.com|202875.98
8606|nayeem|01874163738|2007|63902954053|nayeem33@gmail.com|78908.64
6441|nayeem|01536734073|1970|44884486674|nayeem47@yahoo.com|167808.93
1032|tanvir|01275615702|1993|88750278558|tanvir76@outlook.com|724287.76
8653|fahim|01130230330|1983|39905954196|fahim88@outlook.com|96727.00
2560|rakib|01307397434|1980|42659345163|rakib89@hotmail.com|954552.28
3058|ratul|01303531977|1996|69410071508|ratul46@gmail.com|216191.45
5370|ratul|01345616440|2007|16142213043|ratul58@yahoo.com|724348.69
8504|nisho|01847512141|1989|19290124207|nisho21@yahoo.com|53192.45
2378|tania|01381751977|1979|23106126983|tania74@outlook.com|385905.14
6551|karim|01114645155|2004|30421104367|karim61@yahoo.com|522521.60
5520|rakib|01524636078|1990|85048771183|rakib45@outlook.com|447316.57
3445|anik|01382945027|2007|44994631554|anik30@yahoo.com|700298.05
3405|anik|01479602216|1981|38482643779|anik27@yahoo.com|170894.50
7680|nazmul|01055754636|2001|33853872577|nazmul15@hotmail.com|782631.46
2678|nayeem|01641234561|2000|59830172380|nayeem53@gmail.com|120445.16
1034|tanvir|01906748856|1994|18691159046|tanvir30@outlook.com|868987.52
5639|tania|01761674352|1973|88348194502|tania51@gmail.com|864524.23
6463|rakib|01545579076|2003|90206724634|rakib57@gmail.com|143963.32
3698|sabbir|01209616288|1979|21855868003|sabbir96@outlook.com|439908.13
8155|tanvir|01363231807|2002|54804678679|tanvir42@hotmail.com|390158.82
4052|tanvir|01571461988|1975|68363960014|tanvir36@yahoo.com|775706.38
1009|rahim|01281884615|1976|56066758452|rahim87@gmail.com|103833.06
1996|rakib|01890602583|1986|17361065519|rakib64@hotmail.com|724083.04
1646|tanvir|01458706654|2003|72311867798|tanvir94@hotmail.com|120685.63
3576|nayeem|01060157988|1984|91719955937|nayeem87@outlook.com|354883.35
5818|nayeem|01128244697|1981|72685697155|nayeem44@outlook.com|425169.90
2638|nazmul|01787271581|1975|87161674983|nazmul16@gmail.com|515536.92
3259|karim|01591245826|1976|37688874930|karim37@hotmail.com|27807.92
3157|tanvir|01412185097|1997|76611599328|tanvir69@yahoo.com|56742.55
6696|rahim|01310145813|1992|76357488667|rahim69@yahoo.com|581667.29
9434|tania|01865474501|1982|45993329712|tania26@gmail.com|331363.40
1948|nayeem|01173047666|1984|41898470652|nayeem98@outlook.com|892066.16
9695|karim|01482596237|1993|95754978886|karim75@yahoo.com|590557.71
8090|karim|01988117533|1985|75377812852|karim85@outlook.com|255366.70
2239|sabbir|01388580961|1973|54482433526|sabbir49@yahoo.com|213964.62
5608|anik|01999670190|1997|82472421837|anik40@yahoo.com|942857.47
4577|tanvir|01007808399|2000|64839063591|tanvir62@yahoo.com|676622.00
3643|rahim|01668281931|1979|55570811528|rahim95@yahoo.com|791801.67
1733|shimul|01308032436|1978|86604727625|shimul61@outlook.com|90460.11
7993|nazmul|01203800412|1989|68025120734|nazmul21@hotmail.com|374779.55
7278|sabbir|01462780937|1979|46637975544|sabbir50@yahoo.com|775280.08
6513|tanvir|01259979984|1999|14637532431|tanvir20@gmail.com|32818.87
8324|tamim|01797883277|2007|62620095676|tamim24@outlook.com|330492.67
6302|shimul|01541819113|1992|67399930048|shimul31@outlook.com|638383.96
5474|nazmul|01970188665|1980|12836534876|nazmul36@yahoo.com|604067.64
2189|ratul|01015258560|1995|23107385801|ratul50@outlook.com|757290.56
2166|nisho|01728141863|1970|21009847219|nisho95@gmail.com|664202.27
6515|karim|01295943699|1978|18745944766|karim84@gmail.com|536091.77
2178|nayeem|01479773635|1971|51679305272|nayeem11@hotmail.com|583991.42
6042|tanvir|01719942975|1975|16157230828|tanvir36@yahoo.com|573886.86
4364|tania|01488163097|1998|66998576796|tania37@yahoo.com|47771.80
9041|nayeem|01153901663|1984|22873779119|nayeem43@outlook.com|911598.82
3377|sabbir|01834468428|1974|87264040431|sabbir92@gmail.com|887255.38
1715|sadia|01834267865|1979|87455390473|sadia13@outlook.com|643093.14
1909|ratul|01986686948|2007|10178438636|ratul12@hotmail.com|914256.69
1015|ratul|01240082631|1978|51586420598|ratul21@hotmail.com|606093.04
7575|sadia|01359199086|1973|36978263356|sadia83@gmail.com|723734.42
4410|rakib|01528025434|1980|82928768410|rakib42@yahoo.com|729764.61
7291|karim|01395379661|1996|40824371277|karim16@outlook.com|86368.10
8999|ratul|01658820953|1977|38847780388|ratul21@gmail.com|437704.89
4974|karim|01041224071|1993|73970097144|karim65@hotmail.com|131597.07
7626|nayeem|01799903418|1985|42842204970|nayeem27@hotmail.com|134801.33
9810|rahim|01422587787|1999|62490107702|rahim24@yahoo.com|631769.92
5950|nisho|01075945945|1994|94559800307|nisho65@yahoo.com|197977.32
6934|tanvir|01605145830|1979|68835170425|tanvir81@hotmail.com|307904.65
9748|nayeem|01758973730|1982|74928313696|nayeem24@hotmail.com|967926.26
1961|tanvir|01854172513|1974|31675390185|tanvir35@outlook.com|404986.72
1154|ratul|01929212858|1977|83173790129|ratul12@hotmail.com|295004.94
3619|tanvir|01117222271|1986|36967812963|tanvir41@hotmail.com|127370.60
7803|ratul|01811407892|1971|35437196894|ratul91@yahoo.com|263573.37
4718|rahim|01062798444|1984|57374410249|rahim54@gmail.com|918939.15
7806|ratul|01342559856|1988|51623344961|ratul53@yahoo.com|472508.46
2882|nazmul|01307883752|1991|69021137597|nazmul22@gmail.com|143348.37
7312|nazmul|01822384067|1997|14453043200|nazmul41@gmail.com|372979.20
7010|karim|01189361794|1984|34957677147|karim51@gmail.com|688977.44
8067|tania|01016975848|2000|23209883732|tania92@gmail.com|9226.95
6793|sabbir|01949166955|1984|38053269121|sabbir23@hotmail.com|771786.58
3091|tamim|01281699589|2000|18586232785|tamim97@outlook.com|405298.30
3358|tamim|01055863968|1993|52482799002|tamim10@hotmail.com|637326.93
4056|sadia|01284736554|1970|92163163206|sadia28@yahoo.com|785488.11
7382|karim|01041647612|1976|22031599544|karim10@yahoo.com|242901.16
5531|sadia|01089757982|1983|98864096677|sadia74@outlook.com|405819.63
1519|tania|01476804595|1976|31761479714|tania77@gmail.com|445528.40
8508|karim|01620715652|1988|54723264723|karim84@outlook.com|40474.99
6671|sabbir|01720714940|1970|31175609896|sabbir25@outlook.com|301928.74
8501|tanvir|01170604445|2006|40034600005|tanvir41@hotmail.com|142390.33
9052|tania|01024922164|1979|16545288631|tania35@outlook.com|940394.48
4528|fahim|01724936489|1999|30349145697|fahim72@hotmail.com|252433.47
8359|karim|01996180445|1983|46071059566|karim26@hotmail.com|657418.85
6184|ratul|01510793111|1982|39915826296|ratul99@outlook.com|113985.82
4443|ratul|01758354271|1977|32313680674|ratul38@outlook.com|259051.72
3822|tamim|01141583278|1984|96869927503|tamim50@outlook.com|750317.80
5252|tamim|01872278064|1971|24948499558|tamim50@outlook.com|997128.32
2213|nayeem|01371161059|1980|46304050061|nayeem38@gmail.com|510431.63
2573|rahim|01952563999|1995|23654595929|rahim53@outlook.com|686999.73
9936|tanvir|01095069729|1981|61070317239|tanvir25@outlook.com|132444.88
5361|anik|01382633119|1985|55279756963|anik63@gmail.com|829644.39
7374|ratul|01223601909|1991|20026500272|ratul82@yahoo.com|608405.43
5368|tamim|01238682614|2002|34168522232|tamim47@yahoo.com|535314.76
5600|tamim|01871311458|1986|76553464769|tamim17@yahoo.com|447583.70
6232|ratul|01473264329|1983|85060649890|ratul86@outlook.com|796699.91
3570|tamim|01643308020|2006|49829460389|tamim28@gmail.com|505180.54
8255|nazmul|01752816732|1978|97910636626|nazmul21@outlook.com|431531.39
6060|nayeem|01398909223|1998|60298073382|nayeem95@gmail.com|170633.32
3896|nazmul|01854446976|1974|94738713250|nazmul13@yahoo.com|671845.55
2051|rahim|01567094349|2001|29287752104|rahim42@gmail.com|200325.81
2692|shimul|01898469117|1992|20711088194|shimul94@hotmail.com|743954.50
7217|sabbir|01350983787|1990|86957798987|sabbir87@yahoo.com|556739.87
3474|rahim|01072693255|1988|81211341198|rahim32@hotmail.com|675600.73
2816|rakib|01642248254|1980|54119142886|rakib61@hotmail.com|17577.42
7010|fahim|01993352899|1988|10058036859|fahim52@outlook.com|155961.50
1095|sabbir|01738970546|2006|64412529163|sabbir33@gmail.com|253087.41
5076|rahim|01053237335|1996|70406905032|rahim76@outlook.com|550040.80
2620|nazmul|01152639117|1979|27428818489|nazmul40@yahoo.com|448586.62
8042|sabbir|01047421974|2004|59159552367|sabbir99@yahoo.com|241775.59
2406|nazmul|01753249281|1974|59701600360|nazmul70@hotmail.com|353713.37
8721|anik|01937931618|1970|54523222279|anik85@hotmail.com|675553.64
4634|karim|01105484216|1978|37077829910|karim55@yahoo.com|515120.95
1548|fahim|01002370586|1990|78817294509|fahim48@yahoo.com|780430.13
9508|nayeem|01746479914|1996|55576087409|nayeem14@yahoo.com|924939.98
1088|rakib|01356157685|1987|56821094839|rakib67@gmail.com|362692.65
4789|ratul|01859475712|1972|23901032861|ratul91@hotmail.com|871933.85
2236|sadia|01730724338|1990|46882256822|sadia35@yahoo.com|662401.16
9195|tamim|01371345416|1987|91532619303|tamim77@hotmail.com|523605.26
2767|sadia|01098739225|1994|78969063549|sadia47@hotmail.com|17107.27
1753|anik|01518530973|1987|62102232580|anik52@outlook.com|716216.45
3829|sadia|01412696269|1997|31477747106|sadia75@outlook.com|144301.63
1390|ratul|01773557463|1974|36945932744|ratul20@hotmail.com|50372.91
7064|shimul|01545200908|1985|61255334999|shimul75@outlook.com|14535.02
5592|fahim|01845451607|1977|65445210485|fahim21@gmail.com|564827.97
5625|rahim|01580646743|1983|80383590234|rahim19@outlook.com|683928.92
5923|tanvir|01820743789|1989|89806689516|tanvir91@outlook.com|646377.54
7370|anik|01287078572|2007|16001667667|anik61@yahoo.com|390632.99
5369|nisho|01487019410|2001|58034517878|nisho38@outlook.com|380554.52
2988|tania|01485175717|1971|12264200854|tania52@outlook.com|254252.29
6723|tamim|01727497541|1986|77754913399|tamim67@outlook.com|953738.76
5256|nisho|01983954149|1974|64836238756|nisho62@outlook.com|929316.23
9417|tania|01091900340|1997|85828913568|tania39@yahoo.com|872132.43
3526|karim|01603881817|1982|92352633630|karim10@gmail.com|627703.66
1609|nisho|01475769322|1996|28916273988|nisho25@outlook.com|739024.10
7502|tanvir|01804750615|1996|97007047387|tanvir31@hotmail.com|884753.24
4636|karim|01011901463|1991|56477146310|karim32@hotmail.com|588382.13
1488|nazmul|01695138130|1995|35396578802|nazmul12@gmail.com|153584.15
3949|tania|01591218734|1984|15460303391|tania20@outlook.com|916176.22
4118|ratul|01215718745|1994|92607820596|ratul81@yahoo.com|42717.46
7062|tania|01097062273|2001|97419294462|tania93@hotmail.com|778432.94
2160|sabbir|01449543012|1980|94523233681|sabbir77@gmail.com|275324.15
3980|sadia|01104544333|1989|40521775690|sadia45@yahoo.com|469037.83
3770|tanvir|01360230338|1979|16433436445|tanvir66@yahoo.com|946353.05
9079|fahim|01363530153|1970|81415932184|fahim42@yahoo.com|270209.18
6442|nisho|01332177696|2000|29743396545|nisho28@yahoo.com|248915.49
6976|nisho|01935705195|1971|88675241868|nisho96@yahoo.com|838495.55
8982|ratul|01988695817|2007|85911485055|ratul87@outlook.com|810430.34
9058|karim|01111121739|1992|65096123809|karim37@hotmail.com|980288.47
8836|nayeem|01180496374|1990|61107366918|nayeem42@gmail.com|633588.10
8455|shimul|01209470005|2003|12203619434|shimul29@hotmail.com|573846.96
1012|shimul|01014065586|1983|71989739319|shimul84@yahoo.com|718513.16
6294|karim|01739754137|1972|25793178227|karim49@gmail.com|66819.80
7098|ratul|01444789308|1970|77704769285|ratul12@hotmail.com|995701.77
7978|karim|01779476494|1979|27669504645|karim62@outlook.com|313092.29
5770|tanvir|01592559789|1983|78934020246|tanvir34@hotmail.com|767206.48
7008|tanvir|01955889689|2006|50687608478|tanvir84@outlook.com|375015.54
9515|tania|01705707675|1989|98531416329|tania70@yahoo.com|480339.83
5771|shimul|01899849902|1995|71783644821|shimul42@yahoo.com|926662.00
5557|sabbir|01686518556|1984|49483942185|sabbir25@gmail.com|549668.89
6814|ratul|01937031947|1976|65644026176|ratul53@hotmail.com|320551.91
2881|nisho|01416334676|1994|16832257604|nisho19@yahoo.com|878903.40
5420|sadia|01091242475|1974|33351589190|sadia58@hotmail.com|902560.18
8098|anik|01402702685|1987|94461832946|anik95@gmail.com|761362.61
5799|tanvir|01141340562|1973|19440966041|tanvir80@outlook.com|284227.99
9753|nazmul|01260924292|1980|52268215683|nazmul90@gmail.com|936528.62
6427|karim|01040827192|2003|36658207270|karim46@hotmail.com|885986.73
1043|anik|01506473860|1987|19909251842|anik11@hotmail.com|828935.89
7343|tanvir|01673186009|2007|89765974354|tanvir69@yahoo.com|950180.12
9480|karim|01444254284|1971|32078349866|karim69@hotmail.com|186637.24
1864|nisho|01301369723|1982|59562068280|nisho40@outlook.com|474287.65
3719|tania|01874602365|2000|13253769282|tania26@yahoo.com|827196.83
8444|anik|01853635385|1987|12473859732|anik58@hotmail.com|916732.84
3915|nazmul|01712940547|1977|45497701250|nazmul32@gmail.com|643685.58
5221|fahim|01131713333|1991|17985942353|fahim75@yahoo.com|185449.70
5880|anik|01096491896|2006|34133763642|anik90@outlook.com|766299.75
6123|nisho|01646080348|1993|14374544693|nisho46@outlook.com|242947.47
9158|tamim|01147248963|1992|69649334049|tamim84@yahoo.com|88299.32
5367|karim|01940772372|2005|56361396129|karim80@gmail.com|42252.67
7653|ratul|01114653980|2005|95071163961|ratul84@hotmail.com|888276.57
4988|rahim|01915048748|1980|91365591271|rahim78@outlook.com|451005.06
8775|nayeem|01708888731|2004|85091155972|nayeem26@outlook.com|31951.90
5826|tanvir|01148677355|1987|35724534178|tanvir52@outlook.com|993829.49
4343|karim|01696035936|2004|86499972436|karim18@yahoo.com|474118.32
7287|anik|01232430226|1979|47164990173|anik80@gmail.com|458438.58
9676|rakib|01056200046|1997|42619737957|rakib57@outlook.com|905488.00
3766|rakib|01991648313|1983|94175809517|rakib55@gmail.com|295019.34
4402|rakib|01846098662|1986|88043703513|rakib64@yahoo.com|198260.78
5053|karim|01269037885|2005|83835834597|karim27@yahoo.com|856371.59
4493|nisho|01908171493|1989|62126420794|nisho48@outlook.com|931062.58
2650|karim|01667120223|1992|57615589376|karim78@hotmail.com|985323.54
1250|anik|01675328780|2002|70941471191|anik89@outlook.com|66645.51
4947|sabbir|01352829564|1985|56308250174|sabbir98@outlook.com|382066.27
2610|sabbir|01364334730|1977|24570370810|sabbir76@gmail.com|667015.19
9832|tamim|01180233459|1977|79326005741|tamim16@yahoo.com|562829.27
6811|rahim|01006636209|1978|48027422998|rahim97@hotmail.com|33223.33
3946|nayeem|01551696104|2002|57762885428|nayeem25@outlook.com|517404.72
7858|tamim|01721864096|1983|66068962074|tamim89@yahoo.com|275111.06
9664|nayeem|01648936458|1988|97772084617|nayeem34@yahoo.com|619733.45
3497|anik|01949240595|1982|37812930783|anik59@hotmail.com|819710.95
5804|karim|01572845151|1978|94680585697|karim27@gmail.com|375244.26
1117|ratul|01716397439|1985|49361452952|ratul41@hotmail.com|974207.10
9359|rakib|01327873734|1974|52549723750|rakib45@hotmail.com|6778.87
1196|ratul|01900736981|1988|32676598603|ratul75@hotmail.com|461945.62
8290|anik|01658924088|1975|32126583229|anik70@yahoo.com|510391.78
2837|rakib|01753130615|1984|71241475903|rakib84@hotmail.com|985489.53
9270|nayeem|01154274974|2000|78488100861|nayeem88@hotmail.com|233780.47
2800|nisho|01428890482|1998|80446041922|nisho51@gmail.com|304838.50
2611|sadia|01338561483|1998|95771465120|sadia56@hotmail.com|352031.02
3021|nazmul|01694611183|2003|12580054689|nazmul18@gmail.com|822095.80
3458|ratul|01653036744|2001|38561081434|ratul51@yahoo.com|364928.95
6257|fahim|01846038205|1978|48610466522|fahim37@yahoo.com|271416.66
7622|nisho|01593622509|1992|23581157716|nisho93@gmail.com|204265.64
6185|nayeem|01874874710|1979|77311995411|nayeem55@yahoo.com|626226.76
7738|shimul|01015617862|1979|61810206973|shimul25@hotmail.com|289600.75
1544|tania|01358912879|1996|56766668369|tania20@hotmail.com|5211.16
2908|rakib|01759375156|1972|65497578926|rakib50@gmail.com|461004.64
7396|nayeem|01137659460|2004|33787692881|nayeem68@hotmail.com|57558.66
3555|ratul|01586286338|1970|12076111414|ratul59@gmail.com|885022.67
9732|rahim|01893832586|2004|42733993737|rahim90@yahoo.com|170532.83
2146|rahim|01463856287|1972|15635742685|rahim53@yahoo.com|163422.77
1801|anik|01592616968|1992|17343041875|anik40@outlook.com|794558.76
4218|karim|01297554835|1985|13149672179|karim39@yahoo.com|636561.52
3221|rahim|01257286753|1998|49791242380|rahim52@hotmail.com|81914.23
6956|anik|01809862204|1980|64248999777|anik83@hotmail.com|950105.90
8157|sadia|01583937589|1990|50338037017|sadia18@yahoo.com|270462.85
9438|sabbir|01449147231|1998|22135529912|sabbir91@gmail.com|337285.36
2512|anik|01624969517|2000|23545508667|anik99@outlook.com|160671.06
1956|tanvir|01670049202|1998|63959169496|tanvir91@hotmail.com|879905.09
7506|nazmul|01035435276|1980|68453069323|nazmul73@hotmail.com|217350.60
7010|rahim|01547097537|1985|57101080522|rahim76@yahoo.com|116375.22
3570|shimul|01225418256|1974|19134339108|shimul95@yahoo.com|58663.57
1237|tanvir|01775450371|2003|84994966452|tanvir25@yahoo.com|921987.63
5956|nisho|01336452927|2007|19144410299|nisho11@hotmail.com|407069.94
6673|nayeem|01473342879|1998|59898551704|nayeem63@yahoo.com|908503.49
7328|anik|01768044284|1988|81033935908|anik90@yahoo.com|809067.01
5628|rahim|01222377637|1975|68011761327|rahim53@yahoo.com|826594.81
9304|sabbir|01004482291|1975|93698138023|sabbir52@gmail.com|200192.73
5911|rakib|01406233876|1970|34923002153|rakib51@gmail.com|885241.86
8295|karim|01059573021|1975|46955071963|karim35@outlook.com|611977.60
8528|tamim|01993394099|1994|51997885951|tamim83@yahoo.com|314219.98
2190|sadia|01472043130|1999|41749064292|sadia57@yahoo.com|487350.08
1951|tanvir|01270880939|1990|85829956616|tanvir34@hotmail.com|18681.64
9662|fahim|01567397682|2007|69287474073|fahim93@hotmail.com|978549.26
4523|rakib|01207288102|1974|83266644848|rakib15@hotmail.com|423103.57
8853|tania|01186335230|1980|75147487152|tania31@gmail.com|624999.91
3245|nazmul|01702194587|1980|28700965331|nazmul50@outlook.com|936243.89
9346|shimul|01671681517|1993|93922092747|shimul75@hotmail.com|191816.15
5697|nayeem|01770674302|1991|43226140684|nayeem46@yahoo.com|40321.15
9885|tamim|01976990263|2002|94069974353|tamim77@gmail.com|136846.13
3534|fahim|01040832382|1977|88969297957|fahim13@outlook.com|459208.83
3282|ratul|01425299898|1972|28257841865|ratul96@outlook.com|321204.24
7607|fahim|01180101812|1993|34606710592|fahim77@outlook.com|982244.70
5884|sabbir|01333818903|1980|92314144179|sabbir68@hotmail.com|863508.95
9401|sadia|01532661923|2000|70419386350|sadia52@outlook.com|347183.88
9613|fahim|01452210465|1972|15495681527|fahim74@hotmail.com|922119.60
6428|nazmul|01282079771|1979|43412759365|nazmul70@hotmail.com|353094.52
6135|sabbir|01657455181|1980|22592345928|sabbir53@yahoo.com|572668.29
1825|anik|01321750019|2000|64631042742|anik19@hotmail.com|520557.76
4832|tanvir|01758484565|1995|92040926556|tanvir24@hotmail.com|596919.10
2685|rakib|01613631801|1974|96645722331|rakib74@yahoo.com|314607.86
9132|sabbir|01266975515|1996|26795274814|sabbir81@outlook.com|504792.14
8415|sabbir|01093971295|1975|52328463266|sabbir37@gmail.com|61304.54
2103|karim|01979232863|1979|36683017630|karim12@gmail.com|747102.63
3446|tania|01246423349|1982|31798351181|tania17@outlook.com|310437.05
6616|sabbir|01372834753|2001|67581291317|sabbir25@yahoo.com|98914.09
6985|ratul|01083463679|1988|43548359604|ratul70@outlook.com|922505.59
6641|fahim|01919629757|2004|88484293983|fahim76@gmail.com|340384.96
3832|nisho|01830829509|1974|33996599030|nisho50@outlook.com|476543.80
9521|rakib|01522555644|1992|27004539127|rakib82@gmail.com|607200.61
9671|nazmul|01438724747|1982|11084734684|nazmul58@yahoo.com|373551.54
6262|shimul|01925806309|1970|25460532615|shimul46@gmail.com|330062.92
3480|anik|01388779707|1990|98489715488|anik18@outlook.com|784700.12
1412|ratul|01868747591|2007|28998489375|ratul58@gmail.com|325220.11
3404|nisho|01364168722|2005|71757732870|nisho12@outlook.com|977718.27
5606|nisho|01142614222|1991|63882532210|nisho94@gmail.com|224595.03
6038|shimul|01424251955|1982|52869927055|shimul62@yahoo.com|475054.41
9383|sabbir|01438607175|1972|75905426151|sabbir72@outlook.com|655645.57
5765|anik|01997631853|1998|86618339541|anik45@yahoo.com|766889.75
6218|karim|01856003227|1975|33754256440|karim14@outlook.com|685234.68
3483|tanvir|01636267834|1971|90541662560|tanvir62@yahoo.com|111829.96
3785|nisho|01290227609|1994|65793159819|nisho27@yahoo.com|115404.12
5791|ratul|01750559955|1984|52827271197|ratul91@hotmail.com|3829.79
5793|tania|01931770819|1982|33883860990|tania90@outlook.com|245032.36
5079|rakib|01900354726|2003|74209903238|rakib19@outlook.com|713086.13
3869|nayeem|01768030447|2006|30389546445|nayeem31@yahoo.com|858979.76
6182|ratul|01823786616|1976|93594539372|ratul99@gmail.com|828035.70
7319|ratul|01887287987|2006|38241966712|ratul84@gmail.com|162628.47
8151|fahim|01768173131|1990|69092068466|fahim21@hotmail.com|686918.00
4274|rakib|01138613913|1995|29907829373|rakib89@hotmail.com|139268.20
6308|nazmul|01191120545|1974|11720516193|nazmul62@gmail.com|822739.62
2049|nazmul|01597407450|1984|22058397901|nazmul41@outlook.com|974788.91
1758|nayeem|01420758996|1995|10848290220|nayeem43@outlook.com|765535.62
9103|ratul|01385573981|2005|89680691386|ratul91@yahoo.com|374088.58
4859|shimul|01534587591|1976|72320254213|shimul99@outlook.com|112289.65
7365|ratul|01816862452|2005|94152175980|ratul50@yahoo.com|26911.12
6556|sadia|01823912822|1981|12106421697|sadia39@outlook.com|277155.84
9851|rakib|01850801889|1973|53868095347|rakib32@yahoo.com|11977.38
2630|tamim|01209636824|1971|21067430961|tamim10@yahoo.com|307780.19
5871|nazmul|01263596359|2000|88607806699|nazmul88@gmail.com|44256.96
8498|fahim|01414547355|1970|44138464399|fahim89@yahoo.com|471515.71
8103|shimul|01808286196|1991|82780313764|shimul69@outlook.com|226054.83
3545|sabbir|01016672857|1977|16353828281|sabbir91@gmail.com|425616.78
5863|sabbir|01322997783|1987|57287354714|sabbir36@outlook.com|308005.09
6290|nayeem|01397585737|2002|44215473466|nayeem71@yahoo.com|384701.29
7876|rahim|01839648168|1977|50486388730|rahim97@hotmail.com|682583.51
7272|sabbir|01490233296|1972|81112865005|sabbir57@hotmail.com|605350.56
8255|ratul|01975328864|1977|60791642096|ratul64@hotmail.com|868856.41
7416|ratul|01366717925|2002|67661265986|ratul14@hotmail.com|537173.64
3114|sadia|01060607603|1970|55670361574|sadia46@yahoo.com|783281.69
5979|ratul|01961282700|1993|30492817820|ratul80@gmail.com|471637.56
7428|nazmul|01858376559|2004|66070481947|nazmul50@hotmail.com|919050.26
6762|sabbir|01435429744|1997|58357990689|sabbir35@yahoo.com|395382.80
9466|nisho|01394991829|1998|10097419279|nisho97@hotmail.com|377805.92
9486|sadia|01039750117|1996|30724318832|sadia43@yahoo.com|783993.82
3707|sabbir|01027636233|1987|65378134753|sabbir74@gmail.com|966800.93
5643|fahim|01994400107|1978|73140953979|fahim37@hotmail.com|204909.55
4334|rahim|01649410120|2003|53296119094|rahim65@hotmail.com|400260.35
8786|tanvir|01797669283|1990|61412028696|tanvir25@outlook.com|157200.59
2449|nayeem|01812007795|1978|21448534537|nayeem93@yahoo.com|560236.10
9935|sadia|01141747132|1988|57196178519|sadia83@hotmail.com|676977.28
7355|ratul|01075458542|2002|64366123655|ratul24@yahoo.com|119601.05
6361|anik|01136974949|1985|87686544657|anik85@gmail.com|47007.15
8959|nazmul|01003240992|1973|67173340917|nazmul81@gmail.com|833128.51
4050|anik|01336755661|1991|47705366799|anik82@outlook.com|332441.79
2270|sabbir|01590225704|1997|29642430865|sabbir82@gmail.com|69738.75
6702|nazmul|01032575156|1987|30623465921|nazmul50@gmail.com|258796.60
3905|anik|01985125387|1972|89690732345|anik41@outlook.com|929409.52
2011|sabbir|01114956127|2004|12320144915|sabbir19@outlook.com|883051.77
6787|nazmul|01758869083|2007|33584690277|nazmul31@gmail.com|309847.79
5805|karim|01761895512|1975|24846216943|karim72@gmail.com|10757.99
1581|shimul|01810731138|1989|55411415524|shimul89@gmail.com|202675.77
4060|tanvir|01792020724|1998|58125104552|tanvir92@gmail.com|280395.68
6289|sabbir|01510946920|1980|17466460733|sabbir37@gmail.com|455402.03
5743|karim|01000983015|1994|70220967083|karim22@gmail.com|233764.87
3667|karim|01703567902|1979|63292333160|karim58@outlook.com|581289.45
4877|sabbir|01365615431|1977|34341093767|sabbir87@gmail.com|490971.13
8394|karim|01894047962|1998|85540847600|karim80@yahoo.com|813911.01
2758|fahim|01372634706|1997|42193669907|fahim83@yahoo.com|247453.80
2946|sadia|01037112659|1998|12523665162|sadia22@outlook.com|389901.86
1085|shimul|01080473162|2006|92810322075|shimul64@outlook.com|377324.27
2339|anik|01357047810|1980|14131391092|anik91@outlook.com|130930.74
2616|tanvir|01303157598|2004|27845871476|tanvir15@hotmail.com|614907.71
3437|nayeem|01108114370|1987|61956816382|nayeem21@hotmail.com|744519.23
9194|rakib|01077628602|1989|24187046660|rakib43@gmail.com|78216.97
8808|nayeem|01638897588|1976|11255312469|nayeem38@yahoo.com|197024.56
8396|ratul|01912712198|1979|44492189107|ratul80@outlook.com|6410.22
5295|sabbir|01210464188|1990|80544008787|sabbir32@yahoo.com|474132.99
9168|nayeem|01241710497|2003|54007071625|nayeem98@outlook.com|634560.60
5015|tamim|01755289242|1981|22184209267|tamim36@outlook.com|935403.67
4521|nayeem|01595352854|1971|55641236720|nayeem75@outlook.com|287152.34
6481|sadia|01434111224|1989|57475454900|sadia94@yahoo.com|181782.56
4995|nazmul|01240853152|1980|23497423017|nazmul99@gmail.com|251796.76
2126|shimul|01811391614|1995|25086507302|shimul37@hotmail.com|795262.02
9722|nayeem|01275708055|1984|66183513535|nayeem86@hotmail.com|394495.21
1493|anik|01209365827|1987|72509298898|anik81@outlook.com|122963.66
9565|tania|01150671007|1999|40411795792|tania61@yahoo.com|552775.84
7175|tamim|01544553493|1989|42408783216|tamim10@hotmail.com|502814.53
6667|nisho|01117912227|1981|14143103501|nisho84@yahoo.com|114990.02
1681|karim|01948754055|1985|22245930758|karim20@gmail.com|846268.45
2250|rakib|01960588919|2006|52159864528|rakib74@hotmail.com|599570.31
9466|karim|01716553868|2005|45002302574|karim47@yahoo.com|143663.40
8634|nazmul|01650957392|1981|48571277611|nazmul77@outlook.com|587029.30
7659|nisho|01933708754|1975|99065170095|nisho39@yahoo.com|925612.70
5550|tania|01306270501|1981|77060078105|tania23@hotmail.com|883142.88
2414|nazmul|01098291149|1996|83081871186|nazmul37@outlook.com|929178.77
1103|nisho|01758794265|1991|77575896701|nisho24@gmail.com|161545.49
7250|rahim|01221119484|1990|64533380935|rahim83@hotmail.com|592583.71
3983|rakib|01391503187|1982|62831655286|rakib67@gmail.com|632934.09
6581|tania|01000466746|1988|35752508674|tania33@outlook.com|785239.68
4865|nayeem|01017140941|1991|42442543876|nayeem21@yahoo.com|616612.67
2682|fahim|01498726912|1992|63592705641|fahim30@outlook.com|556853.97
4111|nisho|01357135033|1995|29178397127|nisho55@yahoo.com|339143.79
3309|ratul|01189677757|2005|94287168255|ratul96@hotmail.com|133121.39
6844|ratul|01299350832|1974|33745431666|ratul94@outlook.com|331796.19
9492|anik|01100545469|1980|49502441437|anik41@gmail.com|584566.82
6734|rahim|01121234001|1996|81082769716|rahim53@yahoo.com|161222.38
4244|sabbir|01448813987|1974|41070722191|sabbir62@hotmail.com|303583.71
9491|sadia|01445611614|1993|90033539912|sadia47@yahoo.com|541518.70
1302|shimul|01628586692|1994|79675676356|shimul63@hotmail.com|599457.12
6500|nisho|01008190684|1974|36423873425|nisho68@gmail.com|506077.38
9073|nayeem|01604850560|1970|24713203118|nayeem22@gmail.com|703724.60
9498|sabbir|01280688713|1995|32697501943|sabbir65@outlook.com|745504.54
3560|sadia|01012628232|1977|51134322495|sadia89@hotmail.com|789563.00
7230|sabbir|01536882347|2005|36694474706|sabbir42@yahoo.com|360738.53
2674|karim|01437008217|1990|62382451955|karim40@outlook.com|630003.04
9009|sabbir|01106978395|1980|48769580188|sabbir40@outlook.com|810959.11
9105|nazmul|01756325843|1995|22355630480|nazmul74@gmail.com|451301.91
5658|tania|01799968822|2006|42302430854|tania49@outlook.com|476904.88
3183|sabbir|01043132790|2000|75798598716|sabbir34@gmail.com|631504.77
5908|rahim|01980311705|1981|61246373197|rahim64@hotmail.com|158144.85
8907|sabbir|01401700901|1975|54695358883|sabbir82@outlook.com|176082.65
1261|fahim|01302512392|1987|85863451294|fahim94@hotmail.com|874853.80
7466|tanvir|01723218528|2004|71749971838|tanvir61@outlook.com|98115.76
3423|anik|01705528393|1985|35213321471|anik25@hotmail.com|187167.83
3106|nayeem|01085155647|1972|60890641936|nayeem57@yahoo.com|538566.85
3164|ratul|01203827423|1991|69069509306|ratul18@yahoo.com|229937.08
7721|tania|01537567369|1986|10076407769|tania94@outlook.com|231047.44
2912|fahim|01177063877|1978|35189141761|fahim39@gmail.com|303269.28
1564|rahim|01186478910|1978|84212858243|rahim88@gmail.com|500646.11
1680|nisho|01810509912|2000|89674776131|nisho21@yahoo.com|738444.44
8561|fahim|01470400115|1981|57464968795|fahim93@gmail.com|204884.79
7525|nazmul|01059723446|1976|50394159900|nazmul75@outlook.com|392651.81
3689|karim|01400902107|1994|39168281313|karim67@hotmail.com|112737.49
8093|karim|01171625865|2000|62984728061|karim12@outlook.com|507865.92
6411|rakib|01739522647|2005|23380845920|rakib92@hotmail.com|437658.93
2431|karim|01907558326|1970|52332574673|karim41@hotmail.com|144548.36
6413|tamim|01309280473|1987|31432750294|tamim28@gmail.com|428176.25
3642|tamim|01658884856|1976|49632271755|tamim34@outlook.com|897345.79
8673|karim|01654717671|1985|61321701568|karim19@outlook.com|230750.59
9086|rakib|01621847225|1970|30725079594|rakib84@yahoo.com|516087.12
1707|nayeem|01527782593|1987|98596140516|nayeem49@outlook.com|458947.58
4759|ratul|01255159398|1985|64271845329|ratul96@outlook.com|125083.73
9647|rakib|01755804577|2005|34041990673|rakib20@gmail.com|245657.13
6584|tania|01212927770|1983|48991356068|tania42@outlook.com|86252.46
9521|shimul|01911633702|1985|55980185689|shimul13@hotmail.com|203087.32
7332|rahim|01959984591|1992|95214055669|rahim90@yahoo.com|708738.48
6661|ratul|01760645163|1975|25805277133|ratul36@gmail.com|34841.43
1363|rahim|01513440537|1979|16828736075|rahim86@gmail.com|810055.88
4502|nayeem|01658242638|1997|56647224774|nayeem86@gmail.com|331952.35
9219|rahim|01554583148|1977|90491120070|rahim83@outlook.com|309515.32
7994|rahim|01918468971|1991|68313685565|rahim53@outlook.com|743402.38
6217|sabbir|01831104979|1983|33465707303|sabbir66@outlook.com|46545.69
4841|shimul|01923726700|1986|83794726249|shimul28@yahoo.com|769268.24
9058|tanvir|01690383197|1980|24392702637|tanvir24@yahoo.com|558935.84
9273|fahim|01463232135|1990|88008834218|fahim97@yahoo.com|128499.55
5923|tanvir|01760557462|1981|64570913010|tanvir31@yahoo.com|490551.08
4133|tania|01180052945|1979|11426270081|tania81@gmail.com|597824.85
9104|fahim|01313870001|1974|13423714548|fahim36@outlook.com|636862.04
4117|sabbir|01781614217|1975|42433783090|sabbir35@gmail.com|33747.09
6579|fahim|01494811833|1996|81391132312|fahim21@outlook.com|528258.99
6335|karim|01392048884|1980|48983316778|karim31@hotmail.com|288418.69
1166|tanvir|01175301291|1997|68863713915|tanvir66@outlook.com|757434.35
5967|rakib|01692513248|1983|40944641931|rakib38@gmail.com|553036.52
3688|nisho|01419331406|1971|71491705943|nisho85@gmail.com|38762.49
7817|karim|01718207762|1970|20445568927|karim28@outlook.com|835795.86
7794|sadia|01346353084|1975|67216632564|sadia90@yahoo.com|779256.85
2294|shimul|01036681178|1982|93787774372|shimul22@hotmail.com|683596.88
4982|tamim|01859080400|1989|80670698521|tamim73@gmail.com|106216.62
3739|nazmul|01198699365|2005|66732598550|nazmul81@yahoo.com|194883.66
6541|sadia|01685694013|1978|27115411834|sadia51@outlook.com|645098.23
4012|rahim|01597878131|1973|16320919348|rahim58@gmail.com|955245.53
7153|tamim|01623130875|1999|90182430396|tamim92@yahoo.com|168256.24
5017|karim|01964779774|1993|97303688864|karim56@yahoo.com|395308.00
5762|nayeem|01327507038|1994|72095961390|nayeem49@outlook.com|80373.27
2176|sadia|01049232929|1996|11805664268|sadia83@hotmail.com|541304.68
3528|tamim|01578182588|1985|21165118121|tamim26@gmail.com|992524.81
7330|fahim|01619736609|1975|13631029182|fahim74@outlook.com|655418.98
5301|rakib|01393919638|1974|17154379747|rakib45@yahoo.com|135796.34
7998|nayeem|01792001049|1999|34216065308|nayeem75@yahoo.com|812668.93
1912|sadia|01395424350|1973|61824233424|sadia48@hotmail.com|897549.55
4029|rahim|01245901974|1994|25601319364|rahim63@outlook.com|450400.91
8604|rakib|01775596564|1984|43799276364|rakib97@hotmail.com|148332.32
6006|karim|01936107117|1981|57437281048|karim38@gmail.com|400961.66
9231|tamim|01542922469|1975|93520356374|tamim76@gmail.com|957507.29
6078|tania|01549234979|1978|64566483749|tania79@hotmail.com|816960.22
2554|fahim|01142093531|1987|24697553274|fahim25@yahoo.com|161599.35
8946|sabbir|01411631554|2004|52729971897|sabbir85@outlook.com|159920.24
8348|nisho|01573909441|1998|42716241803|nisho57@yahoo.com|551846.95
4489|nisho|01518601970|1984|58418449750|nisho81@gmail.com|196591.38
4290|nayeem|01963369246|1999|76130395331|nayeem80@gmail.com|150822.55
8977|tania|01102711535|1970|81204251400|tania66@gmail.com|987126.69
5501|tania|01277694692|1994|92156039119|tania59@yahoo.com|567955.99
9946|tania|01553356216|1987|45870843170|tania91@yahoo.com|287777.08
7315|tamim|01183409252|1989|88292392648|tamim11@outlook.com|522927.94
4663|fahim|01288796347|1997|40902284169|fahim23@hotmail.com|66627.23
4478|tamim|01390992680|1984|18866259399|tamim77@hotmail.com|743249.07
6467|tanvir|01177832902|1989|58860044132|tanvir86@yahoo.com|882939.55
8336|rakib|01365692080|1993|19159981849|rakib81@hotmail.com|325802.03
6163|tania|01572086753|1985|93968787323|tania47@yahoo.com|375710.10
4496|rahim|01972729879|1992|74282539081|rahim93@gmail.com|314551.72
3956|nayeem|01442997090|1988|27853283991|nayeem77@yahoo.com|238811.61
2642|shimul|01149220111|1980|89019113894|shimul73@hotmail.com|762124.22
8842|tanvir|01641831314|1972|44933722917|tanvir78@outlook.com|233814.98
8525|anik|01709236826|2007|60261970729|anik50@yahoo.com|524008.76
7511|tamim|01181302285|2002|63477316479|tamim27@gmail.com|766439.46
9999|ee|1325278345|2000|01446787843|tyhrstyhyrtj@gmail.com|54654.00
